200
 0.5 0.02001 0.0 0.0 0.02 100000.0 0 0 0
 0.5000000013050948 0.06100000069100175 3.2942227694911017E-10 6.438698134884159E-11 0.02 100000.0 0 0 0
 0.5000000016634122 0.1019999993718199 2.5615617027843905E-10 -1.1051517197827123E-10 0.02 100000.0 0 0 0
 0.5000000003413553 0.1430000003319333 7.324159384168735E-11 7.122014312130531E-11 0.02 100000.0 0 0 0
 0.5 0.184 0.0 0.0 0.02 100000.0 0 0 0
 0.5 0.225 0.0 0.0 0.02 100000.0 0 0 0
 0.5 0.266 0.0 0.0 0.02 100000.0 0 0 0
 0.5000000020373004 0.3070000005259239 2.4190864995469214E-10 6.244813360252074E-11 0.02 100000.0 0 0 0
 0.5 0.34800000000000003 0.0 0.0 0.02 100000.0 0 0 0
 0.5 0.389 0.0 0.0 0.02 100000.0 0 0 0
 0.5 0.43000000000000005 0.0 0.0 0.02 100000.0 0 0 0
 0.5 0.5690000000000001 0.0 0.0 0.02 100000.0 0 0 0
 0.5 0.61 0.0 0.0 0.02 100000.0 0 0 0
 0.5 0.651 0.0 0.0 0.02 100000.0 0 0 0
 0.5 0.6920000000000001 0.0 0.0 0.02 100000.0 0 0 0
 0.5 0.733 0.0 0.0 0.02 100000.0 0 0 0
 0.5 0.774 0.0 0.0 0.02 100000.0 0 0 0
 0.5 0.8150000000000001 0.0 0.0 0.02 100000.0 0 0 0
 0.5 0.856 0.0 0.0 0.02 100000.0 0 0 0
 0.5 0.897 0.0 0.0 0.02 100000.0 0 0 0
 0.5 0.9380000000000001 0.0 0.0 0.02 100000.0 0 0 0
 0.5 0.979 0.0 0.0 0.02 100000.0 0 0 0
 0.020000000787262166 0.5000000013433556 9.823136456372468E-11 1.6761840235143198E-10 0.02 100000.0 0 0 0
 0.06099999994126655 0.5000000000773721 -3.047244642317981E-11 4.0142791583890534E-11 0.02 100000.0 0 0 0
 0.10199999979745707 0.5000000032910635 6.644439688088812E-11 4.952455554358875E-10 0.02 100000.0 0 0 0
 0.1430000005585366 0.500000000781732 1.0421689361865025E-10 1.4586282010040709E-10 0.02 100000.0 0 0 0
 0.184 0.5 0.0 0.0 0.02 100000.0 0 0 0
 0.22499999759056927 0.5000000025436575 -3.51022307576982E-10 3.915306735508935E-10 0.02 100000.0 0 0 0
 0.26600000061228524 0.5000000006561839 8.090936044662724E-11 8.671030776831065E-11 0.02 100000.0 0 0 0
 0.30700000000000005 0.5 0.0 0.0 0.02 100000.0 0 0 0
 0.34800000000000003 0.5 0.0 0.0 0.02 100000.0 0 0 0
 0.38899999878546165 0.500000002783097 -1.5468674500046665E-10 5.916611584131054E-10 0.02 100000.0 0 0 0
 0.4300000008884207 0.5000000010076007 1.7296855602425978E-10 3.332015410018735E-10 0.02 100000.0 0 0 0
 0.5690000000000001 0.5 0.0 0.0 0.02 100000.0 0 0 0
 0.61 0.5 0.0 0.0 0.02 100000.0 0 0 0
 0.651 0.5 0.0 0.0 0.02 100000.0 0 0 0
 0.6920000000000001 0.5 0.0 0.0 0.02 100000.0 0 0 0
 0.733 0.5 0.0 0.0 0.02 100000.0 0 0 0
 0.774 0.5 0.0 0.0 0.02 100000.0 0 0 0
 0.8150000000000001 0.5 0.0 0.0 0.02 100000.0 0 0 0
 0.856 0.5 0.0 0.0 0.02 100000.0 0 0 0
 0.897 0.5 0.0 0.0 0.02 100000.0 0 0 0
 0.9380000000000001 0.5 0.0 0.0 0.02 100000.0 0 0 0
 0.979 0.5 0.0 0.0 0.02 100000.0 0 0 0
 0.16520154274558724 0.22698164980246213 -0.0017572158753912433 9.690649533214751E-4 0.0050 0.0010 169 78 87
 0.2167825740810821 0.33582877432900576 -0.0013223837506538844 0.004809083617754478 0.0050 0.0010 115 162 51
 0.20846233089221447 0.3095846616556087 -0.009643769565078874 0.00292126134395595 0.0050 0.0010 193 114 203
 0.08688449566830184 0.19310759420364026 0.002498302087081747 -0.011734629739415473 0.0050 0.0010 197 97 181
 0.25081479450160993 0.048853281708721656 -0.007985475455826523 -0.008474707619399512 0.0050 0.0010 122 129 190
 0.024020846558683265 0.24519566353052613 0.004632309330127156 0.008862376107456561 0.0050 0.0010 6 215 246
 0.4770762111587648 0.4661898554766465 0.014015303843339513 0.0027019644348604934 0.0050 0.0010 84 81 42
 0.4608527620629833 0.20759743340112616 0.0011946737311776068 -0.009928381271689468 0.0050 0.0010 19 81 159
 0.08893276062351613 0.32685772906165644 0.011535962958983167 -0.006110977917589714 0.0050 0.0010 159 237 11
 0.23309876316797729 0.2777426389885172 9.42685028642991E-4 -0.0013287851899616582 0.0050 0.0010 50 43 151
 0.3970310657418157 0.30192717831925175 0.002584961451066751 0.010000850716229866 0.0050 0.0010 139 87 227
 0.4090867895580783 0.20587053294420163 -0.006821650368171583 -0.0127616978082444 0.0050 0.0010 11 237 138
 0.19268566835826326 0.40569167396685013 0.014288069202162851 0.007147595324747738 0.0050 0.0010 100 204 195
 0.3818873732528797 0.3643508071193898 -0.0056113566625583524 -0.0018294118070526898 0.0050 0.0010 187 239 73
 0.1613886250217663 0.006641869979660923 0.008240517828589615 0.005285984889860141 0.0050 0.0010 87 101 96
 0.08120580366458006 0.4543856286990393 -0.008818307160278585 -0.0047156606762220644 0.0050 0.0010 70 155 46
 0.18197046432726155 0.14096587685254372 -0.003497397741012498 0.009368468873896134 0.0050 0.0010 154 230 107
 0.390567032850681 0.18721874855753565 -0.0030113028869697394 -0.012516539300821784 0.0050 0.0010 104 182 1
 0.10562641927191085 0.21104188972197546 -0.007224404166479593 0.006914331814380352 0.0050 0.0010 234 185 40
 0.28419571722174275 0.41207763817751486 0.012658495285535734 0.001576948361792646 0.0050 0.0010 121 61 138
 0.25764908681155685 0.32649786360862876 0.0035824143148641494 0.0025083262240874976 0.0050 0.0010 217 70 14
 0.3846556100927249 0.3006465390808663 -5.274833147954944E-4 0.008386741936659607 0.0050 0.0010 173 200 165
 0.20055600176139804 0.15960623422285766 -0.004666339795058877 -0.006524662394842245 0.0050 0.0010 46 205 123
 0.42676211778294115 0.12246237805418453 0.0031368314324025626 0.009495277171556989 0.0050 0.0010 206 47 206
 0.2214209650840335 0.18062258751057333 -0.010240404413610694 0.007197829591077174 0.0050 0.0010 155 244 220
 0.0978101124444685 0.3766326782770679 -0.005817324378476261 -0.010032849492864678 0.0050 0.0010 81 63 64
 0.4203520973182212 0.4723011741309294 -0.0040830936564433505 -0.001464453590097876 0.0050 0.0010 126 228 117
 0.0927206645384169 0.3580465106757186 0.01022548540659594 -0.007796853413804749 0.0050 0.0010 136 35 59
 0.18580706004303085 0.1888553087062962 -0.009292975062308608 0.014633996647428447 0.0050 0.0010 114 86 101
 0.35019855849923476 0.27673163532655737 -0.002684512232974238 -0.008695946318957494 0.0050 0.0010 247 218 167
 0.17075917222325587 0.1845544060039351 0.004753178779599714 0.0037437278039780444 0.0050 0.0010 231 77 245
 0.38539443741301055 0.2029715439579367 9.274048548410536E-4 0.007606599728758819 0.0050 0.0010 100 54 136
 0.06419573938288126 0.4649409941761689 -0.006184406453821311 -0.007858314431173876 0.0050 0.0010 229 101 203
 0.030093480524400498 0.20711877430996128 -5.081170597285248E-4 0.0020845215737599516 0.0050 0.0010 61 156 253
 0.2223109237718865 0.11937670541969793 0.0015738617737964217 -0.009862849414041563 0.0050 0.0010 230 134 9
 0.035769639443928816 0.19353451567847227 -0.007320026737660747 -1.4843091729155734E-4 0.0050 0.0010 220 241 2
 0.37100781869741867 0.47157990264570515 -0.012326226314314053 -0.00672784680453567 0.0050 0.0010 164 241 201
 0.28845098233129146 0.17599104998529408 0.010294437583269495 -0.00433950890773265 0.0050 0.0010 236 234 182
 0.4070846844719269 0.1896279829135006 0.009034841912596112 0.0011655247123365112 0.0050 0.0010 108 192 10
 0.3966593029821555 0.05718981763532933 0.010790272064657715 0.007051775745489061 0.0050 0.0010 226 100 42
 0.41102257706564643 0.23993265639296013 0.009618171026349365 -0.003367248053092758 0.0050 0.0010 198 9 19
 0.12450322212981156 0.04942206939001529 0.0016608104395226114 0.004116742611231654 0.0050 0.0010 22 226 50
 0.28130891275868747 0.1672721623309336 0.004981269100971452 0.0031359894558010432 0.0050 0.0010 194 202 10
 0.2268796908516263 0.19069058644837517 -0.0019380003682174737 0.0075790671181536415 0.0050 0.0010 182 200 197
 0.2869361449583494 0.13113191390014264 -0.006350536154231376 -0.007724680611766429 0.0050 0.0010 7 254 250
 0.013960248149972135 0.35407309657434316 0.00948909476474913 -4.105335254768593E-4 0.0050 0.0010 11 41 223
 0.10726065250191051 0.1564924957558654 0.002485581711827662 -0.007156380898398658 0.0050 0.0010 109 48 150
 0.04229615161932652 0.32798261854065675 -0.006492308564707927 -0.0024329940505312935 0.0050 0.0010 111 184 67
 0.07784384860112661 0.3594473047347526 -0.008180113431649066 -0.006204760826809527 0.0050 0.0010 221 21 14
 0.3266965402005792 0.009149859453386188 -0.006483105407664009 -0.0024370091324942313 0.0050 0.0010 253 72 139
 0.18061703190663794 0.10475568003377132 0.005656917962592025 -0.00824616754404758 0.0050 0.0010 252 92 59
 0.223688627764192 0.3038638245511245 -0.010379617344960774 -0.002518873964329744 0.0050 0.0010 70 14 241
 0.23129740867500057 0.2900630238686934 0.011965841951309543 0.0020403257434847234 0.0050 0.0010 124 91 113
 0.03680906700900257 0.16186669130095574 0.012502991515518598 0.008643577146402431 0.0050 0.0010 172 89 190
 0.15961680526137914 0.02721537882446616 -0.003148512043060202 0.0026227652094536254 0.0050 0.0010 81 202 119
 0.4501652819773254 0.3138202493963947 0.001253577793154006 -0.009616639117358668 0.0050 0.0010 15 253 0
 0.2775589995035852 0.23524379648654156 -5.644827600436789E-4 0.006664270914496326 0.0050 0.0010 138 144 173
 0.12021179359843577 0.400615058185028 0.0021156379369842984 0.006179031051741407 0.0050 0.0010 157 93 105
 0.44130564180054654 0.017293065570483174 -0.005954975062113172 0.008033571327790388 0.0050 0.0010 120 161 71
 0.15542999146491226 0.4190905487425157 0.007069886432689701 0.0109983873412205 0.0050 0.0010 64 41 38
 0.3469762336421869 0.1946822325909522 0.0038338663332325024 0.01002934845007222 0.0050 0.0010 175 166 157
 0.44424590059714925 0.19446900580004534 -0.004600733875617341 0.012327133854015234 0.0050 0.0010 165 74 161
 0.05841957271705073 0.4208837631201405 0.006959905743763583 -0.007180508913955455 0.0050 0.0010 198 220 119
 0.27313128051463875 0.30325197809603827 -0.005164009604517921 -0.004600030203992697 0.0050 0.0010 163 182 214
 0.04058964188436573 0.128849309784735 0.005666831469113558 0.0023144393168816977 0.0050 0.0010 157 49 232
 0.45928770625915005 0.05652802605929034 0.004263971380579715 -0.005568361247251278 0.0050 0.0010 233 104 2
 0.3872228114584705 0.23380163800035023 0.009695129772928673 0.009065148508351835 0.0050 0.0010 138 244 118
 0.3740630710460817 0.42960657241866246 -0.0024232463041791823 0.0011278142941892715 0.0050 0.0010 82 145 46
 0.4402507115842872 0.381420712087951 0.012543809253540563 0.0015589115888244801 0.0050 0.0010 137 115 133
 0.33938505246583694 0.14514328151931286 -0.007388826571981123 -0.0069621940769274875 0.0050 0.0010 56 36 68
 0.3519313892734117 0.2536896983064102 0.006529225758431318 -0.010104167876766244 0.0050 0.0010 249 4 77
 0.23397863945101138 0.07162121082714057 0.001604852833478664 0.011633863023817942 0.0050 0.0010 147 66 58
 0.07481823702642905 0.22727337128264918 -3.38502999664686E-4 -0.009994269143825276 0.0050 0.0010 139 185 89
 0.10692199489981108 0.28908058668715453 0.003114865810371974 0.009502505510831117 0.0050 0.0010 119 19 214
 0.023454312913504728 0.26129850382474534 -1.3711763240446297E-4 -0.003010606303536438 0.0050 0.0010 191 195 214
 0.11703933787342378 0.36663641153739973 0.004458765845181781 0.00777487320877469 0.0050 0.0010 95 203 7
 0.4226268343574882 0.04139488172987488 -2.753005958362863E-4 0.006334840458847973 0.0050 0.0010 131 122 20
 0.32724510554351355 0.453649752858337 -0.01297365821460571 0.002317678237089493 0.0050 0.0010 22 80 191
 0.4600271698659089 0.07116486524459796 -0.005060740110992159 0.01360127968325113 0.0050 0.0010 172 60 64
 0.21560646031237124 0.02228287566878444 -0.0012993386939330089 0.012497352586437749 0.0050 0.0010 149 77 177
 0.2800417404315227 0.04383351121741685 0.002338456349446865 0.008915236236079333 0.0050 0.0010 170 78 228
 0.11960014779370265 0.18296237756324626 0.008568899067552998 0.0029471234513693614 0.0050 0.0010 163 216 153
 0.10177310154380728 0.0422327265294645 0.007580401191839541 -0.009896236430492436 0.0050 0.0010 217 183 28
 0.23237036170235423 0.03344947244831107 1.0351809710573354E-5 0.0012970104201939833 0.0050 0.0010 141 237 250
 0.3257642277475865 0.24409982835571745 0.0030408469235849124 0.0016630347133439836 0.0050 0.0010 253 233 175
 0.038491632268018196 0.01964501080965772 0.009529568185532201 -0.0018783710098730765 0.0050 0.0010 93 12 142
 0.16604072627205552 0.09426556041882972 -0.006139653876727956 0.007893329479628947 0.0050 0.0010 147 141 98
 0.11529871540082094 0.34587881347832744 0.004050324174860533 -0.010933877833929214 0.0050 0.0010 106 243 23
 0.08695264126272094 0.01692502071821774 -0.0025511624393462703 0.0036929356307393753 0.0050 0.0010 61 77 188
 0.3762370578254492 0.06601309683609775 0.008489147172008736 0.003190658239389384 0.0050 0.0010 47 195 20
 0.2623456575730354 0.11197537631943118 -0.003987936254731594 0.0052175840568759145 0.0050 0.0010 6 113 184
 0.011395144505017203 0.1382803051187883 0.005860255516098354 0.0027199326338015993 0.0050 0.0010 162 180 55
 0.4035678101425011 0.41289845469735176 0.005158204374498775 -0.009622604605947101 0.0050 0.0010 10 0 251
 0.12712521992958908 0.09794232485183682 -6.338442180815586E-4 0.010336755561573128 0.0050 0.0010 182 222 192
 0.07504207123836142 0.32635802240447787 0.001511980606637717 -0.0011124099651265529 0.0050 0.0010 196 116 128
 0.05607162349357786 0.18102218591260555 0.001068570173671745 0.00980918909961577 0.0050 0.0010 112 23 222
 0.3787990909253752 0.3243813828795295 -0.0032196461919819213 -0.005125811088232105 0.0050 0.0010 94 138 30
 0.181196067594085 0.2218889670833324 0.005131088789001853 0.011707421640065085 0.0050 0.0010 254 131 198
 0.12296352653185023 0.20462988159287626 7.415332831858013E-4 -0.009972468520377876 0.0050 0.0010 184 104 2
 0.13081599119071735 0.2711067754342608 -0.0054786585710028665 0.0032073100456088246 0.0050 0.0010 45 93 86
 0.2944679188642794 0.2343394409381901 -0.0067265133202593155 0.007399595837096375 0.0050 0.0010 59 122 206
 0.4593669568979522 0.47769135052950124 0.0045352067908002655 0.007734123481142758 0.0050 0.0010 18 135 200
 0.0412841726587071 0.39409875951817686 -9.346018261521031E-4 0.015212419146442242 0.0050 0.0010 35 61 51
 0.32364148094490447 0.052992140200075546 0.007140363652367594 6.129755010060162E-4 0.0050 0.0010 109 207 152
 0.19035358066021557 0.04364282764894766 0.014009613977427518 0.0017110657532101873 0.0050 0.0010 0 28 146
 0.26592673113785903 0.08390186334623334 1.3783621738937095E-5 -0.005980882595599934 0.0050 0.0010 59 226 67
 0.437941354803608 0.44963523030704694 0.005157220541203824 -0.009390328738069777 0.0050 0.0010 186 241 89
 0.2003325346349208 0.3687087401635084 -0.0055737932993172095 -0.008302579614582842 0.0050 0.0010 121 179 180
 0.32536834995331326 0.2696399850115572 4.045575185435456E-4 -0.004271246400639908 0.0050 0.0010 130 139 174
 0.10405258603964564 0.30473079779639534 -0.010289958673251578 0.012796755142663435 0.0050 0.0010 160 32 113
 0.0413445668631448 0.03115032734431492 -0.008564046897722092 -0.005163051494379717 0.0050 0.0010 1 253 191
 0.2185520099376915 0.07767969749383301 0.005221902857552745 -0.009014599701189036 0.0050 0.0010 230 11 35
 0.1272384955534187 0.43108047989966586 0.011504513385165201 0.004229797494720754 0.0050 0.0010 152 6 158
 0.13202694935755352 0.03531289844808029 -0.004391254182668292 -0.008984257715760287 0.0050 0.0010 233 28 125
 0.21054069558106 0.10139404836504445 -0.002148385447564003 0.009319504425788975 0.0050 0.0010 58 151 178
 0.3581503454957184 0.362169187238319 0.011551019697481126 0.00817522720094082 0.0050 0.0010 83 19 165
 0.421412007772903 0.14241008335146704 -0.007601236614715519 0.006497784282122863 0.0050 0.0010 30 106 135
 0.15609856971410058 0.222842098862079 -0.0072782721611648876 -0.007837146326837813 0.0050 0.0010 13 130 235
 0.2548944799922436 0.18702503293919293 -0.0015909771153503616 0.0012771448013829088 0.0050 0.0010 106 229 150
 0.3990632447721164 0.2672952104762951 -0.007476257234414467 -0.004244790402101646 0.0050 0.0010 238 175 47
 0.2884562813126251 0.28733976884249074 7.450393659455979E-5 -0.010513056578087737 0.0050 0.0010 62 111 32
 0.07717029767112685 0.014791462045907916 0.0021897911452440897 -0.0025988956068677595 0.0050 0.0010 197 159 151
 0.1502585393383343 0.25128107434971747 -0.002410723913623548 0.009722863315997622 0.0050 0.0010 4 43 235
 0.0655674845103498 0.04549550922052987 -0.009328555078408327 8.87849461906752E-4 0.0050 0.0010 16 77 206
 0.37765684198641436 0.10268100401007398 0.012056477230056262 0.002911323471261192 0.0050 0.0010 21 161 77
 0.1755139354940817 0.3319296125308124 -0.00499794361651655 0.008661440965920248 0.0050 0.0010 19 55 8
 0.028189666445440683 0.14742296986675105 6.814960663332967E-4 0.01273170376486485 0.0050 0.0010 220 4 187
 0.26685172497775345 0.40560294218710297 -0.010376183611084392 0.0036251129679780968 0.0050 0.0010 74 212 23
 0.22990597352533368 0.40682218493534356 -0.004611618253452929 0.008945473390331582 0.0050 0.0010 47 53 200
 0.3184282082901216 0.014917390993165433 -0.002504469369053362 -0.012686805181713643 0.0050 0.0010 245 70 225
 0.15419300020739896 0.28696495986718085 -0.007745170168464663 -2.0228049539046822E-4 0.0050 0.0010 49 75 198
 0.2662400794077413 0.2836478225009691 -0.0014745326754656363 -0.0098906902382485 0.0050 0.0010 99 180 59
 0.27924015250548256 0.4555502221166117 0.008836973528387752 -0.004680585927278241 0.0050 0.0010 236 179 191
 0.09089032969401692 0.22707660411515554 0.00210189456278655 0.011860469795365348 0.0050 0.0010 230 108 250
 0.27286464408485456 0.3351359179456581 0.0011858389183508709 -0.007438823674999914 0.0050 0.0010 85 191 89
 0.3078337772624772 0.18475157612423618 0.006051109990139581 -0.009271243545483752 0.0050 0.0010 56 245 38
 0.41992254060484013 0.33330605284298204 -0.0037339241404856873 0.0016580988461811826 0.0050 0.0010 26 10 120
 0.4678848338946097 0.10601725851120733 -0.003045033504618086 -0.004195566973625187 0.0050 0.0010 211 8 17
 0.09235357451837276 0.4068270242880623 -0.004419769041015349 -0.005159405966406714 0.0050 0.0010 226 65 144
 0.12037308573815256 0.24907375750001096 0.009948849454250893 0.001010145799700077 0.0050 0.0010 249 179 245
 0.069387167719231 0.2957837185284277 0.010149826721639799 -0.00886189127584622 0.0050 0.0010 98 200 144
 0.015805557024150638 0.3846560397830663 0.00658271491671719 -0.001378403832949392 0.0050 0.0010 35 197 86
 0.3135497440793487 0.06157516263132886 5.179744789103966E-4 0.0033663383745902416 0.0050 0.0010 236 172 69
 0.07971239605494461 0.3128973123031223 -0.0059514472776068805 -0.005411889240254571 0.0050 0.0010 88 35 196
 0.2917348625283227 0.42761187844281684 0.006842064880679002 -0.008092939077872133 0.0050 0.0010 167 112 93
 0.37546337501126786 0.3457733958729082 -0.0029959781104080393 0.008231581610688108 0.0050 0.0010 251 161 234
 0.04231086150201751 0.41635754802241987 0.0012563308971291218 -0.0018453532497530196 0.0050 0.0010 228 108 177
 0.36696767282181003 0.1346350152240589 0.013288178439328101 -0.0029738830467888238 0.0050 0.0010 223 182 59
 0.04603443414511555 0.29277715924619707 0.0071002124544305815 -0.007041802546361895 0.0050 0.0010 115 93 146
 0.05411490157708679 0.3967782490518276 -0.011309080132100696 0.0017918362038987154 0.0050 0.0010 41 7 7
 0.07875243762534086 0.11389600545315635 -0.014459877239806221 0.012283573369926724 0.0050 0.0010 137 107 65
 0.22728528025985625 0.3647353085975271 0.006716678915182866 0.00924652219145875 0.0050 0.0010 119 159 73
 0.009585326548042979 0.09734392208296162 -0.007014222281476493 0.006934265693057828 0.0050 0.0010 15 58 32
 0.1845560594150856 0.3606630953451887 7.98731494902425E-4 0.008291566782716626 0.0050 0.0010 67 216 225
 0.3764603488882744 0.17253668734924324 0.007767206611782235 0.004617059191759212 0.0050 0.0010 78 170 183
 0.21871819259638936 0.4260387564085921 -0.004125519700095493 0.008130393777071017 0.0050 0.0010 37 87 146
